-3.141592653589793        -3.141592653589793       -39.47841760435743
-3.141592653589793        -2.7227136331111543      -45.114863545480226
-3.141592653589793        -2.3038346126325155      -50.751309486603
-3.141592653589793        -1.8849555921538768      -56.387755427725786
-3.141592653589793        -1.466076571675238       -62.024201368848566
-3.141592653589793        -1.047197551196599       -67.66064730997135
-3.141592653589793        -0.62831853071796        -73.29709325109414
-3.141592653589793        -0.20943951023932073     -78.93353919221694
-3.141592653589793        0.20943951023931806      -84.56998513333973
-3.141592653589793        0.6283185307179573       -90.20643107446251
-3.141592653589793        1.0471975511965963       -95.84287701558533
-3.141592653589793        1.4660765716752353       -101.47932295670812
-3.141592653589793        1.884955592153874        -107.11576889783085
-3.141592653589793        2.303834612632513        -112.75221483895366
-3.141592653589793        2.7227136331111517       -118.38866078007645
-3.141592653589793        3.141592653589793        -124.02510672119928
-2.870761261804472        -2.858229753043375       -33.945412055431206
-2.8536893817244193       2.8711792502089857       -108.3780451379799
-2.8327696426486497       -2.5107008977165326      -30.197067323209684
-2.8176791248336137       -2.0982373232871363      -26.69736819973092
-2.8143327870280825       2.069275587782768        -101.72662911542194
-2.809449788985134        -1.6813477650359794      -24.770275504354757
-2.807274505268614        -1.262827816899045       -25.663543562403472
-2.8057940514945536       -0.842760337714837       -29.413359536525082
-2.805051644929787        -0.422378352940777       -36.122496557187056
-2.8045808377897394       -0.002005615645700657    -45.429679619075536
-2.8034521148263956       0.41871537243315193      -56.626046803351535
-2.8006630924879743       0.8397062569364558       -68.80756691144849
-2.7981082656584384       1.678226618139363        -92.5339952837478
-2.7961398881089763       1.2657097332450309       -81.17926827649653
-2.761638413979055        2.510705911820398        -105.06520678317851
-2.7227136331111543       3.141592653589793        -93.6343620520343
-2.7227136331111517       -3.141592653589793       -31.41690888518292
-2.5147513982881566       -2.773864449124573       -15.988937253714797
-2.5059190334729373       -2.3110475070549494      -2.578768601359719
-2.5009095543522992       2.839291398933791        -89.54208558233853
-2.497886670593931        2.1929313916802315       -88.41383619281591
-2.4808498710205984       1.8841596062517354       -79.96572354200693
-2.4747509767153755       -1.8975375651289639      10.24011513567789
-2.4738058763236617       -1.4784744028240964      16.65704498166902
-2.470684449783865        -1.0589010129952119      18.20569098310662
-2.4685582453127863       -0.6372847031924881      13.95140299385651
-2.4681056825531273       -0.21511235183764185     3.9901146608294336
-2.467815568696317        0.20616700402464302      -10.487452103870538
-2.465485891748392        0.6274635194933941       -27.77610074095288
-2.455724107946825        1.050803698426481        -45.716330097006875
-2.4151032406198123       1.499681903485849        -61.66042902676902
-2.3216986953476506       2.484223171027726        -81.4608669649855
-2.3038346126325155       3.141592653589793        -68.31486619102506
-2.303834612632513        -3.141592653589793       -19.841514485057417
-2.2112147106438895       -2.4993013115200475      13.954366888521012
-2.209015263236725        1.7663777161903824       -56.45290752131427
-2.154007675884124        2.0965141187488254       -63.88761453324191
-2.1427141278682758       -1.6930117816241899      53.69427333354236
-2.1379614093207078       -1.2772204752611904      63.14560381398832
-2.133876327785324        0.41312993050689395      22.016450624871215
-2.131905245138103        -0.008282470644777572    42.629668725849164
-2.131074632083057        -0.8544181723806332      65.00735201829616
-2.1309884939415484       -0.4298142143900905      57.55839965713853
-2.1282585964722105       0.8311628344023495       -0.6772241915275926
-2.111150448632563        1.241736541162424        -22.40903187874991
-2.104068696242905        2.8069417524973224       -66.99646027159098
-2.09916569868557         -2.115219284272713       42.02081443723946
-2.0917251529544445       1.5520998159720052       -37.18479143780611
-2.0783128711000627       -2.806112518057933       5.961771101185956
-1.9116811610335873       2.4589544524857856       -55.271159778541396
-1.9041403210648584       1.7986941621054457       -33.788029722222575
-1.8849555921538768       3.141592653589793        -47.62564098094055
-1.884955592153874        -3.141592653589793       -7.807681248497585
-1.8611020321931353       -2.469764746942822       41.3149829204117
-1.8366787608759          -1.8212538214304839      83.15094514923061
-1.8194009097406385       1.4538514727053122       -7.988940152000738
-1.8109079388665041       -1.473499349293726       100.24568960972509
-1.8058947039449302       0.6188395260745709       48.44316328257951
-1.8001376677357497       -1.0618336466776952      109.79407558517092
-1.7997718058036682       0.19069506197584393      75.61464199749433
-1.796350227687545        -0.22728778129600224     96.262420165201
-1.7934377206743022       -0.6429201908317013      108.59156918478222
-1.7576250479440372       1.0619232633838822       23.276236255534165
-1.7138053007416267       2.109996689583807        -32.97111368651113
-1.6865976671098952       2.8002948015987847       -43.9688304743025
-1.6669590414987425       -2.803206201077256       26.56553142957448
-1.6617802490294762       -2.114618256207537       82.25636589673398
-1.5317321545819518       1.3551100539550196       22.903033418384247
-1.5200323332659762       1.7135449996530954       0.3776525165915464
-1.4896688760797316       2.4559418579801586       -29.5230638188433
-1.4759515869016917       -1.2660950007518488      143.8438020615091
-1.472004080496701        -1.7215813700169482      124.71463428018374
-1.467301928511487        0.3778446476490111       100.57605260565151
-1.466076571675238        3.141592653589793        -31.125708264549903
-1.4660765716752353       -3.141592653589793       2.219203632244837
-1.4637285209676618       -0.03181199572916504     126.14978479797678
-1.4583455395860672       -0.44172460565337857     143.99916483789684
-1.4577705423913911       -2.458989433364317       68.69069364097977
-1.4523481516173662       -0.8575840737923729      151.47391223716875
-1.4492486494702685       0.76018369476822         74.3379466569098
-1.3529450982868712       1.0995757987065256       55.983695500527595
-1.2996573536686609       2.1060461530066203       -6.388759178656617
-1.2639174550249326       2.8007831250036226       -24.18056594474716
-1.2560057245189205       -2.1006118938205693      113.87586549049654
-1.2534705910956345       -2.8008562067934455      43.33185881878298
-1.2225379345980842       1.4433049108004046       38.75205052015192
-1.1716094702894417       -1.456317275925196       164.04584034022852
-1.1697859285766534       0.8641602951648647       87.87699996506964
-1.1419391814323123       0.5387586334231317       115.85998091763896
-1.136397710065957        0.1509599215357003       144.33743878548503
-1.1242329930033412       -0.24141012906393292     167.1330126033246
-1.1199756235661866       -0.6493334632070964      180.20762902638145
-1.090926383512539        1.7732918987776523       23.233203444579534
-1.0668201690111432       2.457731054675991        -8.808784095316883
-1.0658184602953047       -1.076694597456122       184.09259430956033
-1.047197551196599        3.141592653589793        -18.374089884622148
-1.0471975511965963       -3.141592653589793       8.772981689857223
-1.0458593889111811       -2.458729669434776       89.0138846992976
-1.043477024370046        -1.7685670858281528      153.866495355353
-0.9867408745502304       1.1127725741667618       77.71822275447973
-0.8653312145458761       2.117495775018121        12.763937358230793
-0.8418040172959792       2.8038217820287996       -9.591589418795317
-0.837591691413232        -2.1184735512355086      133.04307782805006
-0.8369407762029181       -2.8009110928981813      54.05788414670736
-0.8308474494835254       1.4441890711310803       57.261220779407786
-0.8212325141695712       0.32077154789339307      149.44808490563028
-0.8166370355437693       -1.4368554332739147      185.8066556411611
-0.8089074387535636       0.7513170087720662       115.15020694921692
-0.8057398605196852       -0.7885107185375712      200.26457377963567
-0.7976895133430495       -0.053589881907298215    175.53783980539387
-0.7842746695717681       -0.4392166761631315      194.02695468820176
-0.65725474828159         1.7841360858789759       37.40196023632362
-0.6405421035378156       2.4622976316266323       4.288801581508984
-0.6290377428231809       -1.7785469892051515      169.67966127381484
-0.62831853071796         3.141592653589793        -8.929807683926374
-0.6283185307179573       -3.141592653589793       11.497935871064257
-0.6279650166510543       -2.4607076473342104      100.16123290831104
-0.6261483659805472       -1.086044310900754       203.94297499238425
-0.6075063426621136       1.1123209234335807       88.72529863493249
-0.5311639595447226       0.49034089223210775      141.40493195650103
-0.47709215572039343      -0.25523602399056566     191.63088598008736
-0.4429070375272667       0.14259206834474752      167.50062610565757
-0.4367865292635096       2.1214718261428556       20.967506572667684
-0.4339020801770027       -0.6918250856236983      205.93345183004178
-0.4233627755196033       2.8024115691890774       -0.8633224133663228
-0.4201184132965957       1.4393080337291078       63.044349546306314
-0.4188609558442744       -2.120980157676103       140.78098408795697
-0.41879400223751917      -2.8018922472394983      57.979927092955826
-0.4151023767667066       -1.434602993288508       194.13486650027377
-0.4033383895851738       0.7787617801791269       116.50576043759882
-0.22257426065103006      1.778833184258217        37.9948551011506
-0.2208644971362451       0.4548858948384451       138.57850669528298
-0.2196903825808151       -1.0877770372247113      202.76653132239915
-0.21848172808568286      2.4616825008969077       8.550907225030228
-0.20971136012540872      -2.4632292266538576      101.2366551755281
-0.20943951023932073      3.141592653589793        -2.351883505231646
-0.20943951023931806      -3.141592653589793       10.98402686875575
-0.20811116699199556      -1.7789555718478367      170.49204819945555
-0.20611531202422256      -0.09994482149168514     177.5276560473478
-0.20278235058024394      1.099781940630664        85.18319948919462
-0.13658578675826974      -0.39459844117732273     189.65169263534202
-0.07880978464096151      0.14832546189232093      155.2654148935827
-0.012690211427334805     2.119600843816647        17.41673988658599
-0.003935175986578207     1.4333708793328077       52.847526390589735
-0.0026869309220370293    2.8023032096226386       1.9662797885482377
-0.002347485344764528     0.7572372524222355       103.48004537970014
-6.243237855977773E-4     -1.445072258750623       184.47725218830263
-5.023938061030284E-4     -2.125792360367261       135.23537918063423
-3.110046033309166E-4     -2.803267350449898       55.50999821909755
0.0015497991518647256     -0.7555593050739144      193.28035517278065
0.07030282204988661       -0.132427664929273       164.13641255840034
0.1333796731996246        0.41205791680851755      121.40736400592182
0.19334564359245401       0.11278937778317369      138.50917783380407
0.19816595262106212       1.775153330260311        24.038928127279693
0.20420947870776185       2.461101544914283        3.929487065184625
0.20803457665058933       -1.7931323321779646      155.04349168617895
0.20824188212714775       -1.1089616684250256      181.34224887983146
0.20857878128741925       -2.4665508039073116      92.93012073057137
0.20943951023931806       3.141592653589793        1.800660808692956
0.20943951023932073       -3.141592653589793       8.409645571391117
0.21487998745195885       1.0727086185707853       64.63980330266509
0.24043002812038686       -0.4267623882826342      165.7510152177169
0.40277547754760207       -0.09264188924731973     131.81967347415926
0.4099093017491048        1.4272348008396192       27.420451937640788
0.4118389801087106        2.118349230549975        2.5245972263173897
0.41210621818443216       -0.767562460612292       161.26928506919504
0.41709832341287534       -2.1318400491619642      118.08345565821618
0.417930887332705         2.8015249009802456       -0.630088025839063
0.41830150373332575       -2.8047954540395885      47.96243509023231
0.4228827990373127        -1.4670019864906494      157.586129627365
0.42499250412644507       0.6840523957906901       74.16879382480762
0.4442761830726931        0.2501838261747464       104.02045262682309
0.6159305165643029        1.0843407816375885       27.3359852433039
0.6173734704510697        1.773731584409095        -2.3797626531728255
0.6253882551749383        -1.7978401233491428      127.61371590756524
0.626994048188485         -2.4703169789254233      77.20522118594897
0.6270239245830007        2.461259428787983        -8.454827361055804
0.6283185307179573        3.141592653589793        3.9688034150783724
0.62831853071796          -3.141592653589793       5.110193720472992
0.6332271827556896        -1.1307969623979643      143.2582618218728
0.6924316385468053        -0.41778456865568286     116.03566877751427
0.7551093749498725        0.013834647969667394     82.00954398744214
0.7662074347515094        0.415578638731117        52.89039804957076
0.7738674614931184        -0.8041317198056717      121.57314711376173
0.7978046564926466        0.7729424554837832       24.967992912323577
0.8229301565970031        1.4264147739499133       -10.409479141119819
0.8338807515597527        2.7982025528323367       -7.600527675807963
0.8349190092363304        -2.1370379673117714      92.41391043681479
0.8372098598620419        2.119252814493776        -21.51382677529627
0.8372160180636162        -2.807087886449232       37.069106014781006
0.8434939237684554        -1.458109373448386       119.0412799315125
1.031334413757585         1.7788070235974962       -37.22925888621115
1.0414353324408119        2.4530945421420394       -26.343436329284064
1.0423088454657128        -1.803858239593073       91.55527963975469
1.0458756643674532        -2.474608411943825       56.76066140172181
1.0471975511965963        3.141592653589793        4.593522471155527
1.047197551196599         -3.141592653589793       2.1932454224642943
1.0660701521651244        -1.070434781974751       91.3979459079109
1.0672841585240511        1.070858509301987        -25.256560546293546
1.075660150060047         -0.629899538180342       74.26557519185793
1.0849765387036534        -0.21122793784174998     49.35631569292868
1.1011023096229355        0.21225188084208266      19.13061236980337
1.1198402061850756        0.6318420294734799       -10.190694969191917
1.1678742614831739        1.452131732975276        -48.30745376730502
1.2497076673033798        2.7968001521464623       -17.458086248229183
1.2507718709761906        2.092983362826411        -51.06572543563173
1.251848918808517         -2.1437640008971974      61.995253556984956
1.2567023532769277        -2.8097433903110276      24.837631204756743
1.261900632373308         -1.4730750945017563      73.01234535465478
1.4242291395152702        -0.8220564432314723      33.94757425425298
1.4269577160451579        -0.4154942530567551      10.692360225604842
1.4353206006240065        0.0017913137045117964    -17.771747961778733
1.4451597025234957        0.4216925930154703       -45.764830094153986
1.4454953114419307        -1.8119495485305461      53.254450867317
1.4485445075342709        0.8443825323730789       -67.26747647839802
1.44925745902184          -1.1718982065293462      44.787281917696156
1.4494674209296026        2.449322070524454        -46.84570899107777
1.463480876127952         1.7100457902404895       -79.18334071029874
1.4660765716752353        3.141592653589793        4.115796134155357
1.466076571675238         -3.141592653589793       0.29344841418112777
1.4679183277871428        -2.481242164391445       34.474236776333136
1.4726134156079236        1.2626496951026909       -81.53658581474504
1.6475138637679612        2.1004302340337255       -80.20964883423873
1.6601998905712971        2.7970003621304342       -28.244918539976137
1.674390332919106         -2.151407712577652       30.722056405229186
1.675929986571517         -2.8123365719020783      13.11138179916752
1.709386011350225         -1.466829973824656       22.680574231206627
1.762500752377195         -1.041574743660626       -0.18320694543391694
1.7681208054287154        -0.6240171592730428      -25.11542744523791
1.7737012724894654        -0.20717727336615707     -53.85627945961585
1.7800971831531236        0.21081001211540853      -82.12964293862564
1.7860723321648508        0.6291064203737894       -104.87498242645654
1.7930494879907863        1.4462287090076624       -117.74746166427609
1.7934162784051917        1.0442829824636597       -117.94029908095088
1.8067459837033257        -1.8365986168835102      20.379969696741338
1.8209744497238445        1.794484577849695        -109.74950655080349
1.8471759005179742        2.455623769867651        -66.00379598954197
1.884955592153874         3.141592653589793        2.9766025613087876
1.8849555921538768        -3.141592653589793       -0.4879800780311023
1.8865683009593954        -2.479689147232467       14.039853808029733
2.0638508659892865        2.7970828209633676       -38.28947098557157
2.0905218859692534        2.1020704564441095       -109.86681601102529
2.093302250854918         -2.8201694504350905      3.268510647459323
2.0988148884446853        -1.251143433546561       -26.84744365591487
2.1029564856766654        -2.099667938463077       2.1103331840282884
2.104568369746563         -1.6572858059427213      -9.139758187365556
2.1097716300787113        -0.8357383813365716      -53.341611408546235
2.1137901665851815        -0.4169128022922264      -83.34846845805068
2.118062882564837         9.8867221014301E-4       -113.08132242153444
2.1224261658873225        0.41869555213308507      -137.78196924373847
2.126856335313951         0.8348658026887898       -152.86310513910405
2.133361591819368         1.2484647352359477       -155.1321870424905
2.1480372886280548        1.661143157444241        -143.28322829019854
2.18967484475013          2.483914685755698        -77.65677423476083
2.300240521469881         -2.512247664367035       -2.1726282088215467
2.303834612632513         3.141592653589793        1.6169199098467526
2.3038346126325155        -3.141592653589793       -0.4696216446167447
2.4516849886974175        -1.455528478823447       -44.371738230998034
2.4521803058051033        -1.0435128431554561      -70.7823054000235
2.455212466599121         -0.6266454031950396      -101.88870728451629
2.4579344980289934        -0.20859070702620064     -133.5552727126063
2.4583545760165286        -1.8588371566970021      -25.050062956232555
2.4606150742363853        0.2094915299411215       -161.07345202233475
2.462979869621265         0.6271124436699816       -179.6502235663667
2.4670528733250943        1.0438779270925092       -185.4416763238618
2.471175011931625         1.881433436605662        -149.4047994602349
2.4717712724308796        1.460402276573881        -175.80077282449167
2.4905180058332843        -2.203372300340707       -14.704009625720726
2.4973102820394826        2.7627883064584418       -51.393150982966986
2.4974699140431804        2.2994146358625818       -109.54108715571427
2.5081882248631917        -2.832758263157352       -3.4270159199719
2.7227136331111517        3.141592653589793        0.47772633700018
2.7227136331111543        -3.141592653589793       -0.160290351455015
2.7718507794679215        -2.5110130940715285      -13.49171722287605
2.796894228101631         -1.254459933347337       -75.14076870397425
2.7979284578799777        -0.8364496380736259      -106.73145247899443
2.798646621646333         -1.665330823078082       -48.853065062755554
2.7992640984383956        -0.41827331844228893     -139.9635171952102
2.800516822744369         2.0031909672934647E-4    -170.48459888745506
2.801760629882837         -2.072127205771597       -28.908551641911284
2.8018186333235326        0.4188186615813951       -193.46814712165516
2.8024121724779945        0.8377580409572796       -204.4036258910046
2.8050405056896026        1.2546843476201934       -200.10770133938533
2.805997961782533         1.672819297933856        -178.92021001502363
2.814026602994795         2.0913768092231497       -141.6440232378412
2.8263310988656856        2.5058040379395603       -91.49861350187037
2.8571875889243707        -2.8699340595039238      -5.741000326434507
2.8659944869370726        2.854696230349519        -42.53111373540035
3.141592653589793         -3.141592653589793       0
3.141592653589793         -2.7227136331111517      -10.193615472903092
3.141592653589793         -2.303834612632513       -23.356729027225303
3.141592653589793         -1.884955592153874       -41.86535473447169
3.141592653589793         -1.4660765716752353      -66.71897638326641
3.141592653589793         -1.0471975511965963      -97.16175375274844
3.141592653589793         -0.6283185307179573      -130.71702994046123
3.141592653589793         -0.20943951023931806     -163.50170089209726
3.141592653589793         0.20943951023932073      -190.81429987340653
3.141592653589793         0.62831853071796         -207.9051448448657
3.141592653589793         1.047197551196599        -210.800422451803
3.141592653589793         1.466076571675238        -197.0428584688351
3.141592653589793         1.8849555921538768       -166.21820069731677
3.141592653589793         2.3038346126325155       -120.17520918484196
3.141592653589793         2.7227136331111543       -62.88069063542596
3.141592653589793         3.141592653589793        0
